47,77
4294967279,417
4294967278,415
4294967279,416
47,76
4294967279,415
47,75
47,74
47,73
47,72
47,71
47,70
47,69
47,68
47,67
47,66
47,65
47,64
47,38
47,37
47,36
47,35
47,34
47,33
47,32
47,31
47,30
47,29
47,28
47,27
47,26
47,25
47,24
47,23
47,22
47,21
47,20
47,19
47,18
47,17
47,16
47,15
47,14
47,13
47,12
47,11
47,10
47,9
47,8
4294967278,414
4294967278,413
4294967279,414
4294967279,413
4294967279,412
4294967279,411
4294967278,412
4294967279,410
47,7
49,9
4294967278,411
4294967278,410
4294967279,409
4294967278,409
4294967278,408
4294967279,408
4294967279,407
4294967294,1191
49,8
49,7
49,6
49,5
49,4
49,3
49,2
49,1
49,0
4294967294,1190
48,6
48,5
48,4
48,3
48,2
48,1
48,0
47,6
47,5
47,4
47,3
47,2
47,1
47,0
46,5
46,4
46,3
46,2
46,1
46,0
4294967294,475
45,9
45,8
45,7
45,6
45,5
45,4
45,3
45,2
45,1
45,0
44,6
44,5
44,4
44,3
44,2
44,1
44,0
4294967294,1189
43,5
43,4
43,3
43,2
43,1
43,0
42,6
42,5
42,4
42,3
42,2
42,1
42,0
4294967294,1188
4294967294,413
41,6
41,5
41,4
41,3
41,2
41,1
41,0
4294967294,474
40,6
40,5
40,4
40,3
40,2
40,1
40,0
39,6
39,5
39,4
39,3
39,2
39,1
39,0
38,7
38,6
38,5
38,4
38,3
38,2
38,1
38,0
4294967279,406
4294967279,405
4294967278,407
23,171
4294967279,404
23,170
23,169
23,168
23,167
23,166
23,165
23,164
23,163
23,162
23,161
23,160
23,159
23,158
23,157
23,156
23,155
23,154
23,153
23,152
23,151
23,150
23,149
23,148
23,147
23,146
23,145
23,144
23,142
23,141
23,140
23,139
23,138
23,136
23,135
23,134
23,133
23,132
23,131
23,130
23,129
4294967278,406
23,128
4294967278,405
35,77
4294967278,404
35,76
4294967279,403
35,75
35,74
35,73
35,72
35,71
35,70
35,69
35,68
35,67
35,66
35,65
35,64
35,38
35,37
35,36
35,35
35,34
35,33
35,32
35,31
35,30
35,29
35,28
35,27
35,26
35,25
35,24
35,23
35,22
35,21
35,20
35,19
35,18
35,17
35,16
35,15
35,14
35,13
35,12
35,11
35,10
35,9
35,8
35,7
37,9
37,8
37,7
37,6
37,5
37,4
37,3
37,2
37,1
37,0
4294967294,473
36,6
36,5
36,4
36,3
36,2
36,1
36,0
35,6
35,5
35,4
35,3
35,2
35,1
35,0
34,5
34,4
34,3
34,2
34,1
34,0
4294967294,1187
4294967294,1186
4294967294,1073
33,9
33,8
33,7
33,6
33,5
33,4
33,3
33,2
33,1
33,0
4294967294,472
32,6
32,5
32,4
32,3
32,2
32,1
32,0
31,5
31,4
31,3
31,2
31,1
31,0
4294967294,1185
30,6
30,5
30,4
30,3
30,2
30,1
30,0
4294967294,1184
4294967294,1183
4294967294,429
29,6
29,5
29,4
29,3
29,2
29,1
29,0
4294967294,1182
4294967294,1181
28,6
28,5
28,4
28,3
28,2
28,1
28,0
4294967294,81
27,6
27,5
27,4
27,3
27,2
27,1
27,0
26,7
26,6
26,5
26,4
26,3
26,2
26,1
26,0
4294967279,402
4294967293,131
4294967293,130
4294967293,129
4294967293,128
4294967293,127
4294967293,126
4294967293,125
4294967293,124
4294967293,123
4294967293,122
4294967293,121
4294967293,120
4294967293,119
4294967293,118
4294967293,117
4294967293,116
4294967293,115
4294967293,114
4294967293,113
4294967293,112
4294967293,111
4294967293,110
4294967293,109
4294967293,108
4294967293,107
4294967293,106
4294967293,105
4294967293,104
4294967293,103
4294967293,102
4294967293,101
4294967293,100
4294967293,99
4294967293,98
4294967293,97
4294967293,96
4294967293,95
4294967293,94
4294967293,93
4294967293,92
4294967293,91
4294967293,90
4294967293,89
4294967293,88
4294967293,87
4294967293,86
4294967293,85
4294967293,84
4294967293,83
4294967293,82
4294967293,81
4294967293,80
4294967293,79
4294967293,78
4294967293,77
4294967293,76
4294967293,75
4294967293,74
